16 16
2176 17408 17408 17408 17408 17408 17408 17408 272 17408 17408 17408 17408 17408 17408 17408 
656.106 5248.85 5248.85 5248.85 5248.85 5248.85 5248.85 5248.85 82.0132 5248.85 5248.85 5248.85 5248.85 5248.85 5248.85 5248.85 
1337.92 10703.4 10703.4 10703.4 10703.4 10703.4 10703.4 10703.4 167.24 10703.4 10703.4 10703.4 10703.4 10703.4 10703.4 10703.4 
230.394 1843.15 1843.15 1843.15 1843.15 1843.15 1843.15 1843.15 28.7993 1843.15 1843.15 1843.15 1843.15 1843.15 1843.15 1843.15 
2896.31 23170.5 23170.5 23170.5 23170.5 23170.5 23170.5 23170.5 362.039 23170.5 23170.5 23170.5 23170.5 23170.5 23170.5 23170.5 
153.944 1231.55 1231.55 1231.55 1231.55 1231.55 1231.55 1231.55 19.243 1231.55 1231.55 1231.55 1231.55 1231.55 1231.55 1231.55 
554.185 4433.48 4433.48 4433.48 4433.48 4433.48 4433.48 4433.48 69.2731 4433.48 4433.48 4433.48 4433.48 4433.48 4433.48 4433.48 
130.508 1044.06 1044.06 1044.06 1044.06 1044.06 1044.06 1044.06 16.3135 1044.06 1044.06 1044.06 1044.06 1044.06 1044.06 1044.06 
128 1024 1024 1024 1024 1024 1024 1024 16 1024 1024 1024 1024 1024 1024 1024 
130.508 1044.06 1044.06 1044.06 1044.06 1044.06 1044.06 1044.06 16.3135 1044.06 1044.06 1044.06 1044.06 1044.06 1044.06 1044.06 
554.185 4433.48 4433.48 4433.48 4433.48 4433.48 4433.48 4433.48 69.2731 4433.48 4433.48 4433.48 4433.48 4433.48 4433.48 4433.48 
153.944 1231.55 1231.55 1231.55 1231.55 1231.55 1231.55 1231.55 19.243 1231.55 1231.55 1231.55 1231.55 1231.55 1231.55 1231.55 
2896.31 23170.5 23170.5 23170.5 23170.5 23170.5 23170.5 23170.5 362.039 23170.5 23170.5 23170.5 23170.5 23170.5 23170.5 23170.5 
230.394 1843.15 1843.15 1843.15 1843.15 1843.15 1843.15 1843.15 28.7993 1843.15 1843.15 1843.15 1843.15 1843.15 1843.15 1843.15 
1337.92 10703.4 10703.4 10703.4 10703.4 10703.4 10703.4 10703.4 167.24 10703.4 10703.4 10703.4 10703.4 10703.4 10703.4 10703.4 
656.106 5248.85 5248.85 5248.85 5248.85 5248.85 5248.85 5248.85 82.0132 5248.85 5248.85 5248.85 5248.85 5248.85 5248.85 5248.85 
