16 16
2176 0 0 0 0 0 0 0 0 0 0 0 0 0 0 0 
656.106 0 0 0 0 0 0 0 0 0 0 0 0 0 0 0 
1337.92 0 0 0 0 0 0 0 0 0 0 0 0 0 0 0 
230.394 0 0 0 0 0 0 0 0 0 0 0 0 0 0 0 
2896.31 0 0 0 0 0 0 0 0 0 0 0 0 0 0 0 
153.944 0 0 0 0 0 0 0 0 0 0 0 0 0 0 0 
554.185 0 0 0 0 0 0 0 0 0 0 0 0 0 0 0 
130.508 0 0 0 0 0 0 0 0 0 0 0 0 0 0 0 
128 0 0 0 0 0 0 0 0 0 0 0 0 0 0 0 
130.508 0 0 0 0 0 0 0 0 0 0 0 0 0 0 0 
554.185 0 0 0 0 0 0 0 0 0 0 0 0 0 0 0 
153.944 0 0 0 0 0 0 0 0 0 0 0 0 0 0 0 
2896.31 0 0 0 0 0 0 0 0 0 0 0 0 0 0 0 
230.394 0 0 0 0 0 0 0 0 0 0 0 0 0 0 0 
1337.92 0 0 0 0 0 0 0 0 0 0 0 0 0 0 0 
656.106 0 0 0 0 0 0 0 0 0 0 0 0 0 0 0 
