16 16
55.5576 227.464 89.1325 79.4706 131.471 87.3289 94.8944 91.7381 1 91.7381 94.8944 87.3289 131.471 79.4706 89.1325 227.464 
444.46 1819.71 713.06 635.765 1051.76 698.631 759.155 733.905 8 733.905 759.155 698.631 1051.76 635.765 713.06 1819.71 
444.46 1819.71 713.06 635.765 1051.76 698.631 759.155 733.905 8 733.905 759.155 698.631 1051.76 635.765 713.06 1819.71 
444.46 1819.71 713.06 635.765 1051.76 698.631 759.155 733.905 8 733.905 759.155 698.631 1051.76 635.765 713.06 1819.71 
444.46 1819.71 713.06 635.765 1051.76 698.631 759.155 733.905 8 733.905 759.155 698.631 1051.76 635.765 713.06 1819.71 
444.46 1819.71 713.06 635.765 1051.76 698.631 759.155 733.905 8 733.905 759.155 698.631 1051.76 635.765 713.06 1819.71 
444.46 1819.71 713.06 635.765 1051.76 698.631 759.155 733.905 8 733.905 759.155 698.631 1051.76 635.765 713.06 1819.71 
444.46 1819.71 713.06 635.765 1051.76 698.631 759.155 733.905 8 733.905 759.155 698.631 1051.76 635.765 713.06 1819.71 
6.94469 28.4329 11.1416 9.93383 16.4338 10.9161 11.8618 11.4673 0.125 11.4673 11.8618 10.9161 16.4338 9.93383 11.1416 28.4329 
444.46 1819.71 713.06 635.765 1051.76 698.631 759.155 733.905 8 733.905 759.155 698.631 1051.76 635.765 713.06 1819.71 
444.46 1819.71 713.06 635.765 1051.76 698.631 759.155 733.905 8 733.905 759.155 698.631 1051.76 635.765 713.06 1819.71 
444.46 1819.71 713.06 635.765 1051.76 698.631 759.155 733.905 8 733.905 759.155 698.631 1051.76 635.765 713.06 1819.71 
444.46 1819.71 713.06 635.765 1051.76 698.631 759.155 733.905 8 733.905 759.155 698.631 1051.76 635.765 713.06 1819.71 
444.46 1819.71 713.06 635.765 1051.76 698.631 759.155 733.905 8 733.905 759.155 698.631 1051.76 635.765 713.06 1819.71 
444.46 1819.71 713.06 635.765 1051.76 698.631 759.155 733.905 8 733.905 759.155 698.631 1051.76 635.765 713.06 1819.71 
444.46 1819.71 713.06 635.765 1051.76 698.631 759.155 733.905 8 733.905 759.155 698.631 1051.76 635.765 713.06 1819.71 
